#IDCaso,indJogadorMao,cartaRobo1,cartaRobo2,cartaRobo3,cartaRodada1Robo,CartaRodada1Humano,ganhadorRodada1,cartaRodada2Robo,cartaRodada2Humano,ganhadorRodada2,cartaRodada3Robo,cartaRodada3Humano,ganhadorRodada3,cartaHumano1,cartaHumano2,cartaHumano3,quemVenceuMao
2,20,52,62,60,53,10,20,63,91,10,62,30,20,10,91,30,20
3,20,52,62,60,62,10,20,52,91,10,62,30,20,10,91,30,20
5,20,11,0,40,42,70,10,11,2,20,0,80,10,70,2,80,10
6,10,53,62,100,53,52,20,100,null,20,null,null,null,52,null,null,20
7,20,61,10,50,50,11,20,10,40,10,null,null,null,11,40,null,10
8,10,11,21,10,11,80,10,21,1,10,null,null,null,80,1,null,10
9,20,12,91,100,13,31,10,91,3,20,100,null,20,31,3,null,20
11,10,100,41,80,82,51,20,null,92,10,100,120,10,51,92,120,10
12,20,120,92,51,51,80,10,92,null,20,120,100,20,80,null,100,20
13,10,83,53,82,53,120,10,83,null,20,null,null,null,120,null,null,20
14,20,2,0,20,2,53,10,null,83,10,null,null,null,53,83,null,10
15,20,42,61,30,42,63,10,30,null,20,61,71,10,63,null,71,10
16,10,63,31,71,63,42,20,null,30,10,71,61,20,42,30,61,20
17,20,53,52,0,42,80,10,52,2,20,0,23,10,80,2,23,10
18,20,23,2,80,80,53,20,120,52,20,23,0,20,53,52,0,20
19,10,63,42,21,21,23,10,null,null,null,null,null,null,23,null,null,10
20,20,23,22,100,23,21,20,null,null,null,null,null,null,21,null,null,20
21,10,22,41,90,22,53,10,41,null,20,90,93,10,53,null,93,10
22,20,93,53,2,53,22,20,null,41,10,93,90,20,22,41,90,20
23,10,63,62,21,62,2,20,63,null,null,null,null,null,2,null,null,null
24,20,43,2,42,2,62,10,null,63,10,null,null,null,62,63,null,10
25,20,110,12,40,110,1,20,null,51,10,40,90,10,1,51,90,10
26,10,1,51,90,1,110,10,51,null,20,90,40,20,110,null,40,20
27,20,43,52,70,43,92,10,52,null,20,70,null,20,92,null,null,20
28,20,120,92,11,92,43,20,null,52,10,null,70,10,43,52,70,10
29,10,71,91,60,71,42,20,60,100,10,91,21,20,42,100,21,20
30,20,42,21,100,42,71,10,100,70,20,21,91,10,71,70,91,10
31,10,3,53,50,50,12,20,53,81,10,null,31,10,12,81,31,10
32,20,93,100,20,92,41,20,20,50,10,100,110,10,41,50,110,10
33,10,92,0,60,60,20,20,0,23,10,null,null,null,20,23,null,10
34,20,31,62,70,31,2,20,62,90,10,null,12,10,2,90,12,10
35,10,23,91,1,91,81,20,1,63,10,23,70,10,81,63,70,10
36,10,3,80,60,60,40,20,3,21,10,80,51,20,40,21,51,20
37,20,93,43,40,42,50,10,93,41,20,40,100,10,50,41,100,10
38,10,43,22,100,22,71,10,100,52,20,43,62,10,71,52,62,10
39,20,110,53,31,31,61,10,110,82,20,53,92,10,61,82,92,10
40,20,3,110,81,3,42,10,81,63,20,110,70,20,42,63,70,20
41,10,93,12,71,71,50,20,12,52,10,93,11,20,50,52,11,20
42,10,3,120,30,3,52,10,30,12,20,null,null,null,52,12,null,20
43,20,70,80,0,80,22,20,null,null,null,null,null,null,22,null,null,20
44,20,22,81,100,22,63,10,81,2,20,100,120,10,63,2,120,10
45,10,22,81,10,10,80,10,22,0,20,81,70,10,80,0,70,10
46,20,83,43,60,83,93,10,null,null,null,null,null,null,93,null,null,20
47,10,31,70,50,31,53,10,null,null,null,null,null,null,53,null,null,10
48,20,93,31,50,30,70,10,50,40,20,93,null,20,70,40,null,20
51,10,41,70,40,51,93,10,50,40,20,70,31,20,93,40,31,20
53,10,12,22,11,12,63,10,null,null,null,null,null,null,63,null,null,10
54,20,120,81,1,1,11,10,81,52,20,120,60,20,11,52,60,10
55,10,31,62,90,62,63,10,90,42,20,null,null,null,63,42,null,20
56,10,83,71,60,60,93,10,71,30,20,null,null,null,93,30,null,20
57,20,110,120,51,51,62,10,110,21,20,120,83,20,62,21,83,20
58,20,120,52,71,42,60,10,120,83,20,71,90,10,60,83,90,10
59,10,63,81,21,21,90,10,null,null,null,null,null,null,90,null,null,10
61,20,31,91,10,10,53,20,31,22,20,91,130,10,53,22,130,20
62,10,43,62,40,62,53,20,43,21,20,40,21,10,53,21,21,20
63,20,93,120,90,93,100,10,90,22,20,120,110,10,100,22,110,10
64,10,120,42,91,91,81,20,42,63,10,120,21,20,21,63,81,20
65,20,43,0,30,0,40,10,43,51,10,30,81,10,81,51,40,10
66,10,63,82,11,63,20,20,11,21,10,82,93,10,93,21,20,10
67,10,83,42,10,83,1,20,10,70,10,42,130,10,130,70,1,10
68,10,63,1,80,63,12,20,1,51,10,80,0,20,0,51,12,20
69,20,22,21,80,21,82,10,90,20,20,21,93,10,93,20,82,10
70,10,11,21,80,11,92,10,80,52,20,23,130,10,130,52,92,10
71,20,31,91,10,91,1,20,71,31,20,0,13,10,13,31,1,10
72,10,20,83,13,83,22,20,13,53,10,20,82,10,82,53,22,20
73,10,53,2,81,2,80,10,53,22,20,81,40,20,40,22,80,10
74,20,13,0,10,10,41,10,11,61,10,0,130,10,130,61,41,10
75,10,52,0,60,60,40,20,42,92,10,0,91,10,91,92,40,10
76,20,23,82,60,60,80,10,82,50,20,23,null,20,50,80,null,20
78,20,71,100,10,71,22,20,10,43,10,100,52,20,22,43,52,20
80,20,63,2,90,63,83,10,90,60,20,2,null,20,80,60,null,20
81,10,91,11,10,11,12,10,91,130,10,null,null,null,12,130,null,10
82,20,63,71,61,63,83,10,71,60,20,61,93,10,83,60,93,10
84,20,63,70,0,70,10,20,63,22,20,52,0,20,10,22,0,20
85,10,83,93,21,21,12,20,83,120,10,93,22,20,12,120,22,20
86,20,1,70,60,60,81,10,70,10,20,1,12,10,81,10,12,10
87,10,3,110,71,71,11,20,3,23,10,110,40,20,11,23,40,20
89,10,12,62,70,62,43,20,12,50,10,70,130,10,43,50,130,10
90,20,3,43,100,43,83,10,100,93,20,3,20,10,83,93,20,10
91,10,3,70,90,70,42,20,90,92,10,3,null,20,42,92,null,20
92,20,110,100,61,61,0,20,100,51,20,110,40,20,0,51,40,20
93,10,71,0,50,50,12,20,0,60,10,71,3,20,12,60,3,20
94,20,2,71,40,40,51,10,71,13,20,2,null,20,51,13,null,20
95,20,3,23,42,42,100,10,23,21,20,3,1,20,100,21,1,20
96,10,81,91,11,11,110,10,81,41,20,91,120,10,110,41,120,10
97,20,43,0,20,43,81,10,20,13,20,0,83,10,81,13,83,10
98,10,23,11,30,11,40,10,23,81,10,null,null,null,40,81,null,10
100,10,92,20,30,20,40,10,30,3,20,92,null,20,40,3,null,20
103,20,83,43,21,83,100,10,43,42,20,21,70,10,100,42,70,10
104,10,13,21,61,13,3,20,21,70,10,61,0,20,3,70,0,20
107,20,53,81,11,81,92,20,11,2,20,null,null,null,92,2,null,20
109,10,12,31,60,12,1,20,31,63,10,60,80,10,1,63,80,10
111,10,110,62,41,62,23,20,41,120,10,110,93,20,23,120,93,20
112,20,92,2,81,2,40,10,81,51,20,92,60,20,40,51,60,20
113,10,53,70,0,53,31,20,70,82,10,0,93,10,31,82,93,10
114,20,23,81,60,60,92,10,81,40,20,23,2,20,92,40,2,20
116,20,130,52,10,52,61,10,130,22,20,10,63,10,61,22,63,10
117,10,91,61,80,91,90,20,80,30,20,null,null,null,90,30,null,20
118,20,3,70,80,70,90,10,80,43,20,3,null,20,90,43,null,20
119,10,63,31,50,31,11,20,50,100,10,63,51,20,11,100,51,20
120,20,12,41,90,12,20,10,41,13,20,90,1,20,20,13,1,20
121,10,83,120,0,0,21,10,120,90,20,83,81,20,21,90,81,20
123,20,93,80,60,60,71,10,80,50,20,93,130,10,71,50,130,10
124,10,120,110,50,120,41,20,51,2,20,100,22,20,41,2,22,20
125,20,13,2,71,13,23,10,71,3,20,2,93,10,23,3,93,10
126,10,53,1,40,40,22,20,1,61,10,53,91,10,22,61,91,10
128,10,120,12,22,22,62,10,120,21,20,12,1,20,62,21,1,20
129,20,92,41,50,41,52,null,null,13,null,92,null,null,52,13,null,null
130,10,null,null,null,null,63,null,null,10,null,43,null,null,63,10,null,null
132,10,null,null,null,null,63,null,null,42,null,92,null,null,63,42,null,null
193,10,83,120,1,83,71,20,1,22,10,120,2,20,71,22,2,20
194,10,130,60,43,60,41,20,43,62,10,130,20,20,62,41,20,20
195,20,41,31,13,41,61,10,13,2,20,31,null,null,62,61,null,20
196,20,82,61,43,61,11,20,53,110,10,83,21,20,21,2,11,20
197,20,81,23,21,81,130,10,null,null,null,null,null,null,130,110,null,null
198,10,90,71,13,71,41,20,13,31,10,null,null,null,41,null,null,10
199,20,80,61,53,61,3,20,53,null,20,null,null,null,31,3,null,20
200,10,81,71,40,71,43,20,40,63,10,null,null,null,63,43,null,20
201,20,130,100,10,10,20,10,91,100,10,130,null,null,100,20,null,10
202,20,120,23,12,23,22,null,null,81,10,null,null,null,81,22,null,10
203,10,80,43,12,12,92,10,null,130,10,null,null,null,130,92,null,10
204,20,82,52,51,82,2,20,51,null,20,null,null,null,2,null,null,20
205,10,120,80,61,80,82,null,61,52,20,null,null,null,82,52,null,20
206,20,100,41,31,41,40,null,100,null,20,null,null,null,40,null,null,20
207,10,82,71,22,22,110,10,71,11,20,83,null,null,110,11,null,10
208,20,83,50,3,83,53,20,3,80,20,50,110,10,110,80,53,20
209,10,120,2,22,2,82,10,120,63,20,null,null,null,82,63,null,20
210,20,93,43,40,93,110,10,null,42,10,null,null,null,110,42,null,10
211,10,93,81,3,81,71,20,93,51,20,null,null,null,71,52,51,20
212,20,60,51,30,51,52,null,60,71,10,null,null,null,110,71,52,10
213,10,81,23,20,23,93,10,20,13,20,81,70,20,93,70,13,20
214,20,43,13,12,12,21,10,43,31,20,13,80,10,80,31,21,10
215,10,110,60,40,60,71,10,null,null,null,null,null,null,71,12,0,10
216,20,80,71,1,71,13,20,1,20,10,80,41,20,41,20,13,20
217,10,90,81,21,90,92,null,81,100,10,null,null,null,100,92,83,10
218,20,83,81,21,21,42,10,83,92,10,null,null,null,92,42,10,10
219,10,92,61,23,61,42,20,23,50,10,92,120,10,120,50,42,10
220,20,90,43,23,23,41,10,42,11,20,90,120,10,120,11,41,10
221,10,93,71,42,71,63,20,42,40,null,null,null,null,63,40,31,20
222,20,52,0,10,0,20,10,10,1,20,52,120,10,120,20,1,10
224,20,63,62,50,50,80,10,62,22,20,63,90,10,90,80,22,10
225,10,70,31,11,11,90,10,70,43,20,31,50,10,90,50,43,10
226,20,90,82,23,90,3,20,null,null,null,null,null,null,90,82,3,20
227,10,70,62,23,62,31,20,23,63,10,110,70,20,70,63,31,20
228,20,83,42,23,23,50,10,83,52,20,42,53,10,53,52,50,10
230,10,100,22,12,12,1,20,22,60,10,100,91,20,91,60,1,20
231,20,81,63,60,60,82,10,63,40,20,81,1,20,82,40,1,20
232,10,61,50,11,61,53,20,11,31,10,50,100,10,100,53,31,10
233,20,130,90,30,30,60,10,90,22,20,130,21,20,60,22,21,20
235,20,100,60,22,22,61,10,60,1,20,30,83,10,83,61,1,10
237,10,93,11,2,11,22,10,null,23,10,null,null,null,22,23,null,10
238,20,110,63,62,63,70,10,62,2,20,null,null,null,70,2,null,20
239,10,52,30,0,30,23,20,1,90,10,null,null,null,90,23,null,10
240,20,90,21,1,21,40,10,null,null,null,null,null,null,40,null,null,10
241,10,110,21,11,21,12,20,null,null,null,null,null,null,12,null,null,20
242,20,70,62,52,62,83,10,null,null,null,null,null,null,83,null,null,10
243,10,61,43,41,61,42,20,41,null,20,null,null,null,42,41,null,20
244,20,110,82,20,82,0,20,100,null,20,null,null,null,0,null,null,20
245,10,63,53,42,42,100,10,53,23,20,null,null,null,100,23,null,10
246,20,120,70,43,70,83,10,43,20,20,100,120,10,120,81,20,10
247,10,130,80,70,80,81,null,null,null,null,null,null,null,81,null,null,20
248,20,100,21,0,21,31,10,100,22,20,0,52,10,52,40,22,10
249,10,120,90,81,81,40,20,null,null,null,null,null,null,2,null,null,20
250,20,91,80,13,80,3,20,13,52,10,130,91,20,91,52,1,20
251,10,93,91,30,70,1,20,null,null,null,null,null,null,1,null,null,20
252,20,100,91,90,90,11,20,null,null,null,null,null,null,11,null,null,20
253,10,51,42,12,12,0,20,40,null,20,null,null,null,0,null,null,20
254,20,110,43,13,43,60,10,null,20,10,null,null,null,60,20,null,10
255,20,130,52,3,52,63,10,130,70,20,3,80,10,80,70,63,10
256,20,30,20,1,20,41,10,30,62,10,null,null,null,62,41,null,10
